Oppo_Reno6_Z 128 6.43 9490000
Oppo_A74 128 6.43 6690000
Oppo_Find_X3_Pro 256 6.7 23990000
Oppo_Reno5_Marvel 128 6.43 9190000
Oppo_A15 32 6.52 3490000
iPhone_12 64 6.1 20490000
iPhone_13 128 6.43 24490000
iPhone_13_pro 128 6.7 29490000
iPhone_13_mini 64 6.1 19490000
iPhone_11 64 6.43 16490000
Samsung_Galaxy_Z_Fold3 512 7.6 43990000
Samsung_A52 128 6.5 8790000
Samsung_Galaxy_S20_FE 256 6.5 12990000
Samsung_Galaxy_Z_Fold2 256 7.59 44000000
Samsung_Galaxy_S21_Ultra 128 6.8 25990000
Xiaomi_Redmi 128 6.5 4690000
Xiaomi_11 128 6.55 9690000
Xiaomi_Mi 256 6.81 16990000
Xiaomi_11T 256 6.67 11990000
Xiaomi_Redmi_Note_10_Pro 128 6.67 7690000